Id,SalePrice
1461,116609.69989067211
1462,151819.2141716428
1463,172826.57474864495
1464,199349.5404404722
1465,195749.7381036036
1466,181966.2772974345
1467,199546.70301872224
1468,171814.70075951715
1469,207086.9927502022
1470,113543.67109026306
1471,205101.0703947764
1472,118573.96324723086
1473,99214.10947800346
1474,149917.19053404022
1475,118379.23504695029
1476,312992.4678204019
1477,246019.50225506152
1478,291107.8286865741
1479,271037.83093500196
1480,403469.7603491229
1481,292770.6525422478
1482,216535.52244664181
1483,177061.91826047108
1484,174772.98008254182
1485,197486.2586156124
1486,209470.5208563687
1487,284879.0739877167
1488,257961.8379786919
1489,184508.18233526044
1490,230697.15917954163
1491,211358.08571357967
1492,87943.93636550067
1493,217081.8720652702
1494,288950.0485641385
1495,276870.175820019
1496,222547.91014146444
1497,169542.03054208367
1498,155886.37577875552
1499,162595.22948556126
1500,154187.87909404293
1501,200413.4070440106
1502,142529.26375042985
1503,276616.1611542526
1504,247039.59714902483
1505,225329.5833956498
1506,205820.5368685486
1507,249328.0970421444
1508,205138.44185406773
1509,153478.93670834356
1510,145445.10916609934
1511,145761.22794673627
1512,189705.57929559296
1513,165939.84275653062
1514,152041.586396173
1515,226718.08151334373
1516,169884.3977218062
1517,174739.7692240727
1518,122921.9348035081
1519,246399.61177769757
1520,129272.34840738273
1521,122665.04642152868
1522,202138.1661173968
1523,84953.87693164393
1524,113050.85466370417
1525,101641.3803206532
1526,88577.91843658022
1527,93909.35815765813
1528,154991.92032242485
1529,127077.09501070075
1530,236575.82338464016
1531,148967.15533191164
1532,109270.24400568276
1533,149198.6125309897
1534,129508.50481142884
1535,155831.1501673787
1536,106007.57691921864
1537,26170.53497778636
1538,186843.94294372934
1539,231923.1819192554
1540,106777.58810188237
1541,155229.67112208728
1542,139846.32940078422
1543,195675.9025426522
1544,75587.57370918023
1545,134280.39068171114
1546,137194.6286306855
1547,143567.12333836767
1548,139633.2608282218
1549,124614.74429287773
1550,123461.38382601377
1551,132739.73607225798
1552,129186.81914086023
1553,156166.24015814823
1554,125463.83177071193
1555,168114.654238226
1556,76672.8738497441
1557,86570.94693293388
1558,92815.0472017565
1559,67490.94942433794
1560,126494.58313776355
1561,123457.47182901308
1562,117875.48167379678
1563,118117.01374923938
1564,152282.57768799493
1565,133682.68804497167
1566,245954.81139842852
1567,59636.7387409379
1568,225206.93442868616
1569,91882.85740056413
1570,145903.22673247743
1571,111386.30526975554
1572,140597.824368297
1573,253939.86766053888
1574,118500.48808418063
1575,243794.74937656766
1576,246588.438226933
1577,199127.19337973383
1578,147425.64990567404
1579,133889.42511467764
1580,209051.88474266592
1581,142904.3919145175
1582,122782.37120097608
1583,307530.8738264133
1584,228789.47201000422
1585,156297.0307945098
1586,46425.43372630852
1587,96949.9465629874
1588,148603.72385329113
1589,99621.06299686746
1590,135575.2088652464
1591,65497.24245171889
1592,134822.94256881427
1593,137138.7240920629
1594,124990.27690731722
1595,114173.98992083629
1596,221630.8161971924
1597,174124.4600149201
1598,204145.6804210475
1599,198607.71747342462
1600,185469.49888752855
1601,26201.522930469946
1602,122192.64787469374
1603,56263.86679112853
1604,258248.3957261328
1605,261356.06783346704
1606,175995.03808947408
1607,173457.73596073396
1608,222542.06021214218
1609,196932.66451356735
1610,152894.72749953077
1611,158229.07315306796
1612,165590.60337168362
1613,171612.5075817631
1614,129437.5610927568
1615,61771.71595963638
1616,41341.241222695564
1617,64311.37476465304
1618,111082.586008601
1619,149697.1237138469
1620,176549.74319697788
1621,133118.94962481095
1622,130090.04832766007
1623,265376.89165621076
1624,211318.61084653914
1625,119480.74282591708
1626,195894.8665442922
1627,194029.4796540524
1628,280633.9778231253
1629,194323.69070369995
1630,325366.109616676
1631,216705.46463858697
1632,235823.8701695631
1633,187347.45161310432
1634,196011.44904520584
1635,187533.62090134027
1636,165085.86316388485
1637,198429.3812831993
1638,221540.7528405093
1639,205334.74650664872
1640,271255.89369400626
1641,201738.2568701642
1642,228175.13522223302
1643,229459.27866068284
1644,234249.36585008202
1645,235765.39496633701
1646,178469.87198141112
1647,173802.0674095346
1648,134301.99307630456
1649,135905.4583973469
1650,114918.7913620557
1651,109316.8584958039
1652,123946.65494886285
1653,123777.9608860343
1654,151888.96558799397
1655,151044.54934070155
1656,141711.14585658454
1657,155264.82063578337
1658,144799.9293407331
1659,135281.28697501135
1660,144118.19503539277
1661,377501.53912737605
1662,328722.0426823086
1663,326897.22938416956
1664,424051.77353128616
1665,287028.71503862867
1666,291805.0629598511
1667,308341.1801332397
1668,307384.13779394573
1669,291212.7254682783
1670,308978.37391257763
1671,268521.97830229404
1672,385598.5340071056
1673,285788.15931472846
1674,256809.6540677495
1675,192548.22570846847
1676,200054.4943085661
1677,218731.73584484158
1678,401975.29019035434
1679,325951.0014494915
1680,288645.20330155
1681,251365.26204580546
1682,288698.3793730767
1683,198167.3168261993
1684,201337.41886697582
1685,178737.08743094874
1686,178643.54686789622
1687,179432.44318705506
1688,210772.46911804995
1689,207781.08468782913
1690,214513.9744444118
1691,202103.98336609674
1692,259206.3329361697
1693,180411.29503931233
1694,193355.23859676544
1695,181533.49140338355
1696,275986.7242053357
1697,185816.35350975103
1698,324035.88996403327
1699,303747.4492805229
1700,254203.65807862242
1701,281967.19811507466
1702,256405.49349832896
1703,259284.55275731615
1704,280569.9642009543
1705,241260.78844640742
1706,374911.9148025132
1707,197447.09126475698
1708,206335.531921344
1709,265309.75066333206
1710,235504.81353477493
1711,267062.021735394
1712,262632.32073875086
1713,263324.7030689913
1714,224289.41164292803
1715,205339.8432798764
1716,184584.97688235447
1717,189992.29975821625
1718,129419.34895623417
1719,214032.0145065306
1720,246827.578744918
1721,181030.71670257614
1722,116992.69949721161
1723,162903.62388707756
1724,224657.469415157
1725,238987.57129490038
1726,186231.76911329047
1727,153708.8678413924
1728,193948.04387294233
1729,170265.23199091607
1730,167726.55376974132
1731,116201.26543938008
1732,119336.93057668384
1733,109610.68921412586
1734,112227.086214434
1735,129887.47988517454
1736,104908.69410301268
1737,326828.28430147876
1738,245060.37139972893
1739,274934.7339561492
1740,199061.4908930537
1741,190221.98333297332
1742,177965.9032869473
1743,182321.7090808655
1744,301236.8789398259
1745,222302.58904461504
1746,224227.05968629813
1747,227563.39780254068
1748,229988.58355345728
1749,159793.71866005834
1750,154322.09525671473
1751,255993.4642006642
1752,113655.80789404258
1753,154331.06674480962
1754,231805.73107032164
1755,173018.3754396852
1756,133113.31223702163
1757,99772.45748728688
1758,150420.32811615814
1759,180610.10622476332
1760,169199.81091618433
1761,162623.82295040146
1762,171372.4736569774
1763,171756.14047891193
1764,110561.61596055178
1765,199845.96537572762
1766,204762.78902053402
1767,250345.7469788337
1768,144871.88018244447
1769,183619.92864663654
1770,159360.01864551136
1771,116861.66389826091
1772,129280.3442104276
1773,111349.9920685977
1774,154007.56480292382
1775,144694.08128623862
1776,131964.85567089485
1777,99306.19555282651
1778,142859.54950591794
1779,119641.58200115047
1780,191489.99661327188
1781,118934.74743262597
1782,51005.074485883
1783,131400.64091224235
1784,88705.45175803208
1785,111817.69166817062
1786,142348.46922783868
1787,172370.68497534806
1788,13416.373990442487
1789,99297.9588867923
1790,41966.89105933055
1791,209530.79133889393
1792,173287.82941933617
1793,153827.10202354693
1794,179605.85165137018
1795,131071.82134978927
1796,131638.30924696976
1797,138776.43464107148
1798,105502.86851435422
1799,104778.27477527235
1800,105826.74045683851
1801,101794.62402779434
1802,155264.21701009932
1803,170558.88909670326
1804,134748.7483997146
1805,147102.58144815394
1806,137281.63856558048
1807,172317.31095775694
1808,119184.34486149542
1809,117825.94379532675
1810,142145.66826342873
1811,60136.35614150704
1812,98356.83074156533
1813,117104.28332261287
1814,77751.48809068755
1815,17130.74652511638
1816,94286.09340168152
1817,98610.32182799059
1818,157310.69655245624
1819,123975.39252789703
1820,43365.024374169414
1821,113740.71040365181
1822,156373.00934256788
1823,18215.796051401994
1824,135167.60689306527
1825,137487.43020148284
1826,97481.37848583388
1827,99557.08321333106
1828,135642.09652906412
1829,153610.7096448365
1830,159551.90829201147
1831,184266.53328462725
1832,109810.67400501028
1833,157046.2453649413
1834,126572.22915366909
1835,123556.76365403587
1836,126864.33694451221
1837,89652.64858013054
1838,115388.27606383001
1839,84445.52546944388
1840,148691.24185843777
1841,136018.78489948425
1842,79363.8219556954
1843,125097.64289959229
1844,128133.57638706535
1845,132935.49937466893
1846,148335.441789684
1847,164266.1347130345
1848,2111.775127648958
1849,122897.94360260048
1850,119562.32739426859
1851,148386.10934557172
1852,124457.78181143233
1853,124632.81353340123
1854,183631.75473794702
1855,155455.6919170787
1856,239934.47170596512
1857,131777.56197790464
1858,130084.97766688222
1859,115961.31105136394
1860,156596.1767800575
1861,114878.93652277149
1862,282434.915930722
1863,280752.2214710341
1864,280768.12026955525
1865,316620.82725361723
1866,311760.91961692565
1867,236394.01869935414
1868,290434.0510695084
1869,225482.93402359483
1870,246705.7037151364
1871,244419.15750595334
1872,174763.8043093622
1873,230681.6017687373
1874,145348.9134962518
1875,211558.99036113324
1876,210971.96023014875
1877,224610.29280302732
1878,218123.15609817568
1879,112523.06158897735
1880,146402.37549429422
1881,241701.30318502465
1882,253965.77164485923
1883,195106.87334021658
1884,210050.98498641176
1885,259949.31852307043
1886,279497.7653638582
1887,236379.8629031788
1888,285088.22262836026
1889,169412.25967022812
1890,114088.23910723475
1891,143962.58973886922
1892,72266.33337099769
1893,136975.9240715761
1894,103429.39432251139
1895,160620.7313015234
1896,119558.17101553956
1897,113283.2029428886
1898,119032.39670478122
1899,143986.35450748785
1900,149683.5642617239
1901,166932.20194340136
1902,144080.1054718698
1903,215438.45094694162
1904,131817.2899159618
1905,193167.26857276924
1906,159549.900910959
1907,209204.83507248794
1908,130098.92379641358
1909,151100.95862549858
1910,135120.29516545066
1911,216926.49131537008
1912,290443.64735046274
1913,167250.32145172346
1914,49773.146267521544
1915,256779.8071313413
1916,26563.02648941416
1917,259584.75936916668
1918,148314.5750682816
1919,190216.82031424704
1920,179503.50848315598
1921,335472.97889849276
1922,295731.38631447277
1923,228182.69234185747
1924,229310.36452799512
1925,228992.6829267867
1926,336502.87285354
1927,129533.49798228045
1928,166122.18548668793
1929,112808.39333853486
1930,136510.5190601243
1931,140165.41969707527
1932,138186.83823557163
1933,156437.67562391108
1934,187518.91026483395
1935,183678.10310132906
1936,188637.42054624122
1937,189603.1577576761
1938,178097.00356215506
1939,242511.6781974932
1940,194612.4439625378
1941,183444.71821318462
1942,200545.62918003288
1943,206002.30449142505
1944,278355.0752833312
1945,328923.4891976515
1946,163400.28529451357
1947,274942.4039397106
1948,176347.6253562615
1949,254887.0277686849
1950,212432.29344282055
1951,276288.1258298565
1952,237878.92301771033
1953,198564.1603497445
1954,223854.3373345089
1955,132030.14990139927
1956,310279.2620368843
1957,179428.65836717922
1958,304826.9547880682
1959,132896.13061737933
1960,94971.64704732446
1961,114308.51081930578
1962,116370.96586224914
1963,129244.69760489243
1964,108763.5065522521
1965,135729.32876830164
1966,151610.46031555708
1967,274044.3175871732
1968,346051.889120652
1969,335578.1442938453
1970,347744.092205105
1971,389297.48206685774
1972,333271.8055933957
1973,265888.4708792091
1974,293338.72377244115
1975,422028.4230373738
1976,294078.64699342044
1977,344033.95395292144
1978,303379.96463285235
1979,299778.21624788234
1980,193140.93296763662
1981,308470.4624639306
1982,230200.99425718293
1983,213505.51838578598
1984,185827.7365590186
1985,239036.71977418533
1986,238410.06004233414
1987,198973.06435174646
1988,183300.1979747197
1989,208798.7283092154
1990,228119.9750590754
1991,223964.86330133455
1992,247356.15534466866
1993,186538.005739804
1994,245689.8389769703
1995,199644.78397214517
1996,293345.5611676158
1997,286551.1070501151
1998,305889.7629505574
1999,264231.0623756562
2000,300896.0318513223
2001,265319.6525314391
2002,253019.21692858136
2003,260274.96041967568
2004,278620.71487997693
2005,228122.0344272597
2006,217333.92585885257
2007,261622.3822298214
2008,225877.035914719
2009,196542.6022609457
2010,212895.28016775788
2011,155135.41380766465
2012,183424.9405389625
2013,173664.7685813267
2014,193618.11741552188
2015,204397.5302632047
2016,194487.16334642016
2017,206657.69567097898
2018,112125.9053652786
2019,131608.32856800465
2020,81313.10532358813
2021,93619.32784625923
2022,194636.47195145127
2023,134137.8188941317
2024,275961.4785882515
2025,339614.17903042387
2026,183417.25963524717
2027,152344.81299669726
2028,169627.745613936
2029,171460.9283910523
2030,264425.28395572014
2031,248939.17349919013
2032,237249.3043861502
2033,259554.96288839995
2034,176929.45504180354
2035,240606.2150155626
2036,227163.16145534941
2037,230131.895984772
2038,294609.4389864331
2039,211512.78194433625
2040,343897.3138384799
2041,269258.4604327254
2042,213792.25935139472
2043,173851.33282640658
2044,192248.46608678682
2045,212491.0775749829
2046,133621.14147329947
2047,133297.85070878838
2048,137340.81974071322
2049,127828.70325440436
2050,181506.41168728482
2051,111449.79009398527
2052,131532.91190852353
2053,145241.35408349743
2054,68402.45058680733
2055,159402.74108687497
2056,147217.20451855462
2057,104748.71971791831
2058,217529.31715479738
2059,137645.7917129487
2060,194018.84951180604
2061,200217.46130738792
2062,117143.86977706163
2063,107342.90055358282
2064,126769.25139636418
2065,118156.50372221728
2066,187751.8424152037
2067,121395.19926742779
2068,132819.02509660635
2069,72763.58600403427
2070,99493.00619705569
2071,78028.63008205348
2072,147468.0594851625
2073,135767.90583015315
2074,187419.05543792795
2075,153955.82163465174
2076,124230.67676098889
2077,129983.48020829365
2078,109175.38318827061
2079,144876.02811187168
2080,127115.46158584405
2081,118549.0721058835
2082,106014.290776285
2083,137927.53741042933
2084,98395.77490409452
2085,108940.97155379143
2086,158334.80365873815
2087,131449.7559692409
2088,104741.79901940015
2089,66105.5632092288
2090,120871.09451551235
2091,74741.88756946253
2092,149401.85964630346
2093,133359.52002272208
2094,137132.34262784652
2095,130016.84405691491
2096,81408.28393866413
2097,88328.36378298339
2098,141513.14284255065
2099,15963.07996800926
2100,47518.75777178665
2101,105340.3468450493
2102,150056.86954292108
2103,96121.73645865859
2104,139385.1939652086
2105,124794.61583616736
2106,24405.237351353862
2107,215806.18024537212
2108,126184.55834641948
2109,102909.58594987576
2110,133135.10424832685
2111,174666.65498566942
2112,131064.55515889928
2113,116307.26658148167
2114,121013.9830377571
2115,158094.40270264389
2116,117293.92264973524
2117,154547.9140249103
2118,130597.5588693734
2119,110046.58221523173
2120,115527.36493614095
2121,81538.25420246727
2122,97851.51761788281
2123,100823.76894580119
2124,185701.99412842153
2125,135959.27384583966
2126,149765.83799279446
2127,165620.23334334337
2128,136796.88005977182
2129,115035.00003017916
2130,131862.29350685247
2131,164544.68110858405
2132,129732.43987740658
2133,142737.4586919417
2134,136356.78681388719
2135,119300.75784435461
2136,23458.814451872022
2137,108867.65688374883
2138,137114.72282512847
2139,156824.84173863276
2140,140529.83754672424
2141,155742.4744677575
2142,122292.21209581743
2143,137254.90996259346
2144,95598.82673962426
2145,138050.12039613596
2146,186389.5532792589
2147,151411.91363663704
2148,158448.65500167117
2149,130389.04287706909
2150,230735.80520686775
2151,136040.9179919829
2152,169033.4644624599
2153,191295.1458247354
2154,97994.18451584398
2155,154497.97182478977
2156,269950.65687017154
2157,250511.53111004562
2158,233538.3629077602
2159,220019.30482815055
2160,186679.37833882438
2161,255520.56235044834
2162,366979.69290432276
2163,318080.7491352678
2164,248838.1160638301
2165,208163.9483772494
2166,154343.05154688947
2167,223977.22560659645
2168,200463.86615354416
2169,200166.62546979927
2170,219004.3196964605
2171,160337.38323701697
2172,134886.57427824603
2173,194603.35893267056
2174,242699.49996459496
2175,295663.801420936
2176,288281.90035443066
2177,240046.1448122597
2178,231776.35384856618
2179,154435.25035439024
2180,244137.68629143562
2181,200573.9723391732
2182,229191.36337825598
2183,194950.48893503507
2184,130993.62892253383
2185,125143.15992238221
2186,169097.48479790438
2187,161272.74051717028
2188,163664.7014237974
2189,283708.0374661343
2190,59741.44095069135
2191,61379.03355426539
2192,50220.962662414764
2193,102693.1572110107
2194,98759.1338849155
2195,93263.55535401951
2196,78265.24989720539
2197,98164.52795235498
2198,182781.98847515217
2199,190361.24820675992
2200,158484.4238657487
2201,148140.1815600613
2202,205957.36665068625
2203,127278.43267554569
2204,150927.8417626979
2205,105819.93350901606
2206,150023.54928787297
2207,201085.32378889003
2208,256089.70562347525
2209,197926.29394397244
2210,132608.8509388304
2211,136469.28280649742
2212,121283.91703538096
2213,91886.62717897783
2214,135555.9097088779
2215,97387.20544528042
2216,149036.60239156487
2217,17435.04536464007
2218,75854.5760514763
2219,74318.3729489512
2220,47309.22758329741
2221,257650.28569669405
2222,243194.31207794521
2223,291277.23656862124
2224,231226.36589226418
2225,123393.0108790031
2226,191319.33900928905
2227,224810.62576365483
2228,271271.89714575827
2229,239834.4716474082
2230,145382.30794451933
2231,206597.07368229015
2232,204321.11687401158
2233,190232.36702310585
2234,254755.45655949612
2235,217132.52572427283
2236,263890.07692991116
2237,309186.9229810351
2238,242093.82329847466
2239,122617.02618844167
2240,169012.60263531643
2241,133273.1949065457
2242,113526.11526894092
2243,113720.95661365532
2244,91789.56103706115
2245,89831.50120769942
2246,141803.93595835997
2247,122386.18762716802
2248,126351.78001215949
2249,117227.8386433142
2250,129812.39209959412
2251,105340.81893026002
2252,204172.79484119022
2253,163164.94061747997
2254,185527.0437801628
2255,212267.0608204488
2256,188509.2892933063
2257,204604.5596018274
2258,180247.11722700752
2259,187641.93673280848
2260,170288.68702833087
2261,198442.80972473754
2262,214756.30702139193
2263,313308.05900755676
2264,384555.7828301344
2265,153647.25769644452
2266,262770.0193752571
2267,351748.27919864247
2268,354419.5276335393
2269,172477.71880838124
2270,207057.75813903066
2271,235749.64857003384
2272,243867.71674293408
2273,176396.48203170777
2274,205982.0920371433
2275,181093.03308701294
2276,190819.55284500693
2277,200545.33889989706
2278,173139.75324510515
2279,104505.96477172186
2280,99415.30441372504
2281,167974.27538632473
2282,185077.5987060439
2283,127755.13196381659
2284,108947.22122958873
2285,152143.5932631608
2286,121938.53861904575
2287,313086.3013740309
2288,260472.48464722454
2289,311310.9800664898
2290,355966.219941222
2291,298127.66987486195
2292,368471.1324265426
2293,372224.6165984991
2294,328798.3351193097
2295,402503.8532693038
2296,252071.09431429522
2297,288702.5713846326
2298,293072.0714482212
2299,322914.2158471291
2300,302633.8562404815
2301,276279.64783541847
2302,255008.08477581444
2303,259592.10355801776
2304,240570.7010538195
2305,195329.63410269434
2306,197100.52548965265
2307,203905.81911011494
2308,226809.1481407989
2309,273586.15520771744
2310,212001.2306506139
2311,221263.30284273496
2312,186815.51657798106
2313,179343.02428373753
2314,192779.32011479314
2315,182058.50339766697
2316,208043.40132060263
2317,196426.43504503358
2318,173570.5134426899
2319,193840.34043114528
2320,194560.12937879714
2321,257965.71875998087
2322,206592.39724232687
2323,195262.7641219924
2324,201504.80832991435
2325,210875.07187789388
2326,186902.30322893907
2327,213381.45987434976
2328,226861.43023273896
2329,202484.0839058227
2330,196548.63527650142
2331,317480.40095280076
2332,351632.8719860214
2333,306293.8670716601
2334,256013.61881807807
2335,274632.77798451565
2336,301869.56012826285
2337,195183.10966968385
2338,268088.62113940006
2339,244591.41951783572
2340,366217.7278440831
2341,208462.61747447134
2342,252296.91752390808
2343,237666.27402851137
2344,234973.8396775046
2345,240683.6023857597
2346,211049.19463630242
2347,193169.73242679646
2348,237940.69869407627
2349,172682.5157638843
2350,268920.22090659256
2351,239224.3854870823
2352,262987.9117232653
2353,253675.51506881544
2354,133435.30060962855
2355,148135.74406903854
2356,162911.39983523183
2357,212279.3009799387
2358,195048.82096768462
2359,133714.02720748575
2360,124034.04555147106
2361,143664.9918635952
2362,281314.7921923228
2363,150738.01628561795
2364,195172.44426922675
2365,229411.45431515144
2366,195744.29751364363
2367,222241.10845894634
2368,203426.55787737027
2369,209383.4689451846
2370,177816.52360000496
2371,152968.58187071176
2372,188632.54959776613
2373,279511.8213654262
2374,290801.99235465203
2375,236443.24164053507
2376,303982.568570902
2377,321551.6962505443
2378,159378.98441677878
2379,239936.44389328698
2380,154013.20900091005
2381,182003.50943641912
2382,234530.21610050544
2383,228645.24851774715
2384,260533.1726073887
2385,176650.26251646958
2386,145175.83530487202
2387,128912.10713689437
2388,109503.10535956582
2389,131659.43542589445
2390,152536.02889178216
2391,132868.03535996436
2392,100464.05597275111
2393,187738.7094093965
2394,134409.03190040204
2395,210478.3611373118
2396,160410.1339057224
2397,226353.26886445435
2398,130863.90137930948
2399,29835.42019618617
2400,34469.77386071847
2401,118605.57487376605
2402,149745.18201777374
2403,137801.6337269264
2404,142218.86857568182
2405,169883.3524411522
2406,150660.0816627388
2407,124774.28296305717
2408,153418.9803723757
2409,116073.50577351789
2410,199989.06973051454
2411,115193.26366971957
2412,152883.16811298195
2413,118694.82501895574
2414,136298.59918407013
2415,129734.52564448805
2416,137950.9227940772
2417,128549.54304856376
2418,123842.34664698399
2419,111247.10899444076
2420,116177.69754387706
2421,131704.32653920387
2422,107283.10144255415
2423,110852.7278694677
2424,155885.9192812451
2425,235543.79885667667
2426,154903.73852259328
2427,114251.83597873908
2428,197102.03845732904
2429,105932.03128577687
2430,141436.1965787263
2431,102563.39193592046
2432,133315.16420185973
2433,139251.83365025173
2434,130052.8608712476
2435,150871.9691613653
2436,98017.82818857522
2437,101105.83588461892
2438,108758.14980696433
2439,118313.723952297
2440,138235.40556618304
2441,105233.46977443609
2442,98847.54805942031
2443,138846.17078590544
2444,136788.6145710909
2445,67073.80472276907
2446,118964.0528696099
2447,210819.6801427825
2448,141139.25603791105
2449,110402.48357405711
2450,171304.82570559194
2451,123286.5780556543
2452,221284.48760295042
2453,81810.60698106408
2454,122535.13783660287
2455,148752.71305934188
2456,135133.1603867648
2457,122351.0926556437
2458,121750.21804357169
2459,96713.41611502424
2460,153821.37815861928
2461,118194.57086335786
2462,127869.36552518338
2463,131753.19278397865
2464,180358.12598963839
2465,146558.77053830388
2466,104689.52572694945
2467,168678.41991589975
2468,84481.01206945686
2469,86193.81607793865
2470,200797.15786819893
2471,225340.63880422397
2472,188523.21112190688
2473,94951.54126658535
2474,66915.53568002756
2475,242951.45499469794
2476,94440.29371248593
2477,91390.62517079676
2478,166116.47762213845
2479,99991.11812449747
2480,132185.80385974084
2481,128811.66216917767
2482,117544.03757766506
2483,98199.24286504288
2484,141157.5219965399
2485,124685.73947710788
2486,143656.91851010278
2487,212470.25058984465
2488,179110.4262501552
2489,162323.95961679344
2490,150737.69238665758
2491,85290.56469274091
2492,198454.66996420582
2493,152957.71062128816
2494,158482.58406464488
2495,87301.66842864023
2496,238488.92408271309
2497,157889.03384930512
2498,97818.05088637641
2499,70973.83807787963
2500,117589.69815657276
2501,132392.97772778186
2502,147573.73818602844
2503,78064.8659536877
2504,183445.08090245875
2505,232617.98178701045
2506,263170.3153261073
2507,278823.70953579934
2508,263609.98490285536
2509,231876.00029276416
2510,236654.13164912688
2511,199165.51201591117
2512,210701.71468166902
2513,243539.71524396853
2514,274969.4373025467
2515,140242.94523689256
2516,180092.92828943755
2517,143073.31783632946
2518,150119.80525232188
2519,223046.19218768284
2520,233380.16206793103
2521,200385.66216812015
2522,239072.4810454679
2523,114463.97047899023
2524,131353.75404525816
2525,136297.63789216813
2526,122345.25367505278
2527,109816.4670006634
2528,115194.12553373037
2529,128880.2194064263
2530,113986.3633237119
2531,257550.01526772685
2532,233277.86494605953
2533,218180.2096113934
2534,252648.2280152858
2535,289569.2479542877
2536,253823.52192765626
2537,254595.09152107628
2538,191227.95607663307
2539,208290.64353047928
2540,180810.63540381088
2541,198570.5450597062
2542,155043.93869771075
2543,126493.911495373
2544,111928.36740530923
2545,146926.5940607934
2546,154351.8896571152
2547,161360.38122809806
2548,159918.85136967397
2549,162889.9036145109
2550,634830.1001047202
2551,144376.8497913418
2552,125309.93009568925
2553,54926.003026286024
2554,87213.22343644325
2555,125118.65662583953
2556,80256.00937041536
2557,104995.75248286978
2558,170404.01318904303
2559,118256.40244138392
2560,170277.18042471993
2561,153972.8714916968
2562,142758.2929883186
2563,140083.5081007484
2564,194452.21867386962
2565,143741.0975677314
2566,115302.3235875779
2567,100096.48938024801
2568,198671.03584082413
2569,201089.02792516642
2570,132839.59747580288
2571,158647.19936866302
2572,190003.14444653748
2573,238732.87396842835
2574,274629.82080380025
2575,138520.84069274494
2576,130448.84997121303
2577,161533.3819960697
2578,88006.19889000931
2579,22307.033584666788
2580,102049.45318375633
2581,124547.8837854414
2582,129192.32508760609
2583,271155.90882555034
2584,185235.3799018463
2585,190186.09369274636
2586,238621.37949208275
2587,223274.60158156638
2588,144315.1143745376
2589,161917.3189462045
2590,227695.2127049152
2591,259804.498534517
2592,222618.98381213972
2593,272933.47530548077
2594,198585.7902134062
2595,222846.70479515905
2596,323533.20394036395
2597,194939.4334560564
2598,270136.8892265529
2599,316162.4922765136
2600,162607.94625713502
2601,158097.51733316563
2602,56156.36723410373
2603,69476.15231754084
2604,62448.44913553225
2605,56222.55109379615
2606,149782.4652442342
2607,226351.0628439159
2608,215867.32122460206
2609,171154.19002481096
2610,102217.27278034284
2611,130952.12923954579
2612,162534.85649418377
2613,137253.65290611621
2614,118550.97298704006
2615,173814.98440391722
2616,176616.9221543338
2617,194424.31303527195
2618,236007.07623506838
2619,237465.04715267185
2620,199096.4328534765
2621,185130.12671974453
2622,196993.00643874763
2623,244211.58720200823
2624,294407.39703422284
2625,261643.82942669408
2626,190381.66395820386
2627,183909.39822217415
2628,383759.9252676534
2629,387661.3070010616
2630,318906.8985886952
2631,391330.4863820487
2632,345658.4452091564
2633,284026.1505212287
2634,347738.20435945725
2635,173148.47776955145
2636,208315.22684545524
2637,196125.3393656396
2638,260365.04139194277
2639,210490.86181382032
2640,171589.5714866548
2641,89943.68308210943
2642,188047.4063869965
2643,125779.15283500205
2644,131819.01119046716
2645,119502.9124337876
2646,114692.84222516452
2647,126407.30481570831
2648,151967.50698059297
2649,155170.25039682223
2650,153023.87275495625
2651,140104.1347533575
2652,347211.4810790295
2653,259480.32175821823
2654,233477.19890306157
2655,346810.98103896005
2656,304090.4195713558
2657,311982.82047375443
2658,265468.6728935429
2659,280587.38108410814
2660,304390.42057611945
2661,318500.14840972994
2662,330124.60155640787
2663,289064.6695709493
2664,265346.0644293955
2665,325481.6162978121
2666,281140.0760608326
2667,183810.51451529458
2668,198835.52726220468
2669,179105.1966860433
2670,279992.6925917651
2671,200131.80134015658
2672,206756.8994327573
2673,214545.8905276336
2674,227247.60995382618
2675,177083.31470322201
2676,205397.45770161913
2677,215901.49462560622
2678,256398.05117134226
2679,275619.1211043232
2680,285330.2739543548
2681,367468.73572409165
2682,311058.18352256936
2683,422735.91479901515
2684,306088.55132961564
2685,327298.32254915347
2686,256310.20482828526
2687,283570.5342515252
2688,232274.6407142341
2689,213194.04614345322
2690,360253.7091819366
2691,186617.56177065906
2692,131406.18044057128
2693,204310.78170067875
2694,138439.1022733691
2695,216962.34217447008
2696,202153.01701188635
2697,191707.75704551896
2698,215398.76389511244
2699,178024.9783890756
2700,152549.02571223408
2701,157683.3605116672
2702,121214.89901186118
2703,155118.66812702
2704,158363.84859586193
2705,104802.96632609295
2706,104273.98245905119
2707,138902.49049134867
2708,113409.50457400025
2709,102253.71165705344
2710,119277.13290637743
2711,281470.80387349345
2712,352265.132425984
2713,177035.38258039847
2714,152147.36295916664
2715,168298.65645484964
2716,144064.70163178712
2717,186695.70714349917
2718,225838.81201567885
2719,144958.7572790658
2720,222309.7056348474
2721,136595.12721857394
2722,175784.1788597213
2723,176316.50534842082
2724,112683.40143076342
2725,130767.23538742482
2726,130381.30598069553
2727,175748.9736764856
2728,187457.94887209556
2729,134108.02701954322
2730,144968.423585666
2731,137037.2118020499
2732,119277.93217427225
2733,178816.82002839062
2734,169824.31648399972
2735,137408.67793319293
2736,142941.2654479848
2737,114926.74873670179
2738,129064.47816602641
2739,163944.32628503337
2740,155342.7904242325
2741,128195.06650063687
2742,182449.17087600834
2743,149962.37938119995
2744,166751.6823925333
2745,162433.93024139956
2746,127813.58695338259
2747,175137.38344471448
2748,116451.33912359772
2749,136655.0425473723
2750,116420.14658962435
2751,130666.13550910831
2752,226754.02946959867
2753,173963.563543246
2754,232396.85358972067
2755,134594.3415423244
2756,65032.65251289436
2757,49334.860569690936
2758,72071.65795784013
2759,168951.53732694767
2760,107313.34549730725
2761,149894.59170317499
2762,144791.88485913083
2763,230170.25934675604
2764,187941.58168971783
2765,297243.34676605335
2766,113548.96137552301
2767,50005.552086336655
2768,105210.26015931426
2769,122988.16651796422
2770,172374.91494077223
2771,101064.95730107545
2772,86411.39474798588
2773,142516.6149397461
2774,153427.489443082
2775,116179.71672622545
2776,158405.46616354154
2777,167409.07884366566
2778,139353.87780521216
2779,98639.7580609991
2780,121255.92742976535
2781,93099.44450791518
2782,79597.24863121717
2783,85140.89910897345
2784,98483.1306099057
2785,125325.76971440099
2786,39938.97791942756
2787,120028.10544785077
2788,44400.38432362012
2789,182199.13193812
2790,102612.4705007301
2791,106692.90401849116
2792,38589.6366432145
2793,183935.01407967706
2794,66985.7748801444
2795,117374.12524965068
2796,82619.35149212612
2797,210217.48829464533
2798,118727.060785042
2799,120435.65015949437
2800,64454.190186162596
2801,113694.94649168372
2802,134873.173862666
2803,161832.80032911163
2804,144999.2311153015
2805,107670.83197685785
2806,72836.05643512972
2807,181721.49175844283
2808,156681.28600539465
2809,124167.58231356659
2810,130297.25688886445
2811,179251.43556038232
2812,174731.5684415953
2813,146078.92508462875
2814,148691.1727030418
2815,93824.84298830794
2816,249676.65606960852
2817,158530.9268622637
2818,124919.87784021453
2819,191979.89097460394
2820,124724.72111707076
2821,110414.91351394693
2822,196183.4769929758
2823,296372.2743869986
2824,167459.16378560395
2825,177171.10600002285
2826,131092.7705313788
2827,127955.09693548491
2828,240900.81278664048
2829,233002.53187161952
2830,223699.1430683873
2831,202581.4775821917
2832,241941.28257180087
2833,276180.85082452686
2834,217499.1793481646
2835,226366.81308528513
2836,212109.23481316876
2837,182722.40278327966
2838,136070.08933870576
2839,182972.52250387182
2840,207907.4261280928
2841,211017.9714999186
2842,233558.7683023807
2843,157346.23072167684
2844,185482.3088818699
2845,114745.4082289649
2846,218198.3436123574
2847,215395.92127547006
2848,245735.16950694483
2849,206767.13484528812
2850,296834.98027643736
2851,230548.8974518719
2852,253427.51161654142
2853,234203.2359656269
2854,161498.9645381287
2855,220505.6305791746
2856,204873.9353708477
2857,196549.78138869128
2858,216946.25932541292
2859,117259.77834434307
2860,127301.34689753049
2861,143959.11661993794
2862,221421.69930388767
2863,138109.3641626133
2864,249003.45783179265
2865,146030.88978740654
2866,190137.0259001156
2867,71363.88916811312
2868,128986.24359530455
2869,101944.21256418049
2870,133981.53224932135
2871,80492.82360477617
2872,1244.7751525951317
2873,84124.92746866273
2874,138072.37380001403
2875,116868.46746173257
2876,188999.27343187423
2877,133873.27192869398
2878,154466.44472881604
2879,127430.4931921257
2880,89482.5360868274
2881,142284.97062499903
2882,156766.1160695568
2883,190694.17288147856
2884,205547.557131776
2885,169388.8993083815
2886,229899.39975685708
2887,117312.05960975972
2888,144865.0493957788
2889,40559.503269086475
2890,57567.16673041752
2891,146710.7852710822
2892,37058.83672696154
2893,73436.62175387202
2894,41676.33600205032
2895,287508.6458800222
2896,262938.2886047495
2897,207543.75240852812
2898,166383.0656590393
2899,226436.50255081395
2900,166978.96027543687
2901,228883.662853693
2902,202910.28611026716
2903,307839.8857091359
2904,327032.44150204945
2905,45549.77464719431
2906,243591.92585571192
2907,97930.27612544072
2908,122666.55705448391
2909,147123.11172340193
2910,54736.37397344399
2911,56928.519907391514
2912,162556.88718896767
2913,61622.98766575835
2914,48878.723374295165
2915,58500.19868901337
2916,65595.17114576662
2917,171198.1943108457
2918,101401.6781860058
2919,252855.01705272717
